1000
1001
1002
1003
1004
1005
1006
1007
1008
1009
11000
11001
11002
11003
11004
11005
11006
11007
11008
11009
21000
21001
21002
21003
21004
21005
21006
21007
21008
21009
31000
31001
31002
31003
31004
31005
31006
31007
31008
31009
41000
41001
41002
41003
41004
41005
41006
41007
41008
41009
51000
51001
51002
51003
51004
51005
51006
51007
51008
51009
61000
61001
61002
61003
61004
61005
61006
61007
61008
61009
71000
71001
71002
71003
71004
71005
71006
71007
71008
71009
81000
81001
81002
81003
81004
81005
81006
81007
81008
81009
91000
91001
91002
91003
91004
91005
91006
91007
91008
91009
101000
101001
101002
101003
101004
101005
101006
101007
101008
101009
111000
111001
111002
111003
111004
111005
111006
111007
111008
111009
121000
121001
121002
121003
121004
121005
121006
121007
121008
121009
131000
131001
131002
131003
131004
131005
131006
131007
131008
131009
141000
141001
141002
141003
141004
141005
141006
141007
141008
141009
151000
151001
151002
151003
151004
151005
151006
151007
151008
151009
161000
161001
161002
161003
161004
161005
161006
161007
161008
161009
171000
171001
171002
171003
171004
171005
171006
171007
171008
171009
181000
181001
181002
181003
181004
181005
181006
181007
181008
181009
191000
191001
191002
191003
191004
191005
191006
191007
191008
191009
201000
201001
201002
201003
201004
201005
201006
201007
201008
201009
211000
211001
211002
211003
211004
211005
211006
211007
211008
211009
221000
221001
221002
221003
221004
221005
221006
221007
221008
221009
231000
231001
231002
231003
231004
231005
231006
231007
231008
231009
241000
241001
241002
241003
241004
241005
241006
241007
241008
241009
251000
251001
251002
251003
251004
251005
251006
251007
251008
251009
261000
261001
261002
261003
261004
261005
261006
261007
261008
261009
271000
271001
271002
271003
271004
271005
271006
271007
271008
271009
281000
281001
281002
281003
281004
281005
281006
281007
281008
281009
291000
291001
291002
291003
291004
291005
291006
291007
291008
291009
301000
301001
301002
301003
301004
301005
301006
301007
301008
301009
311000
311001
311002
311003
311004
311005
311006
311007
311008
311009
321000
321001
321002
321003
321004
321005
321006
321007
321008
321009
331000
331001
331002
331003
331004
331005
331006
331007
331008
331009
341000
341001
341002
341003
341004
341005
341006
341007
341008
341009
351000
351001
351002
351003
351004
351005
351006
351007
351008
351009
361000
361001
361002
361003
361004
361005
361006
361007
361008
361009
371000
371001
371002
371003
371004
371005
371006
371007
371008
371009
381000
381001
381002
381003
381004
381005
381006
381007
381008
381009
391000
391001
391002
391003
391004
391005
391006
391007
391008
391009
401000
401001
401002
401003
401004
401005
401006
401007
401008
401009
411000
411001
411002
411003
411004
411005
411006
411007
411008
411009
421000
421001
421002
421003
421004
421005
421006
421007
421008
421009
431000
431001
431002
431003
431004
431005
431006
431007
431008
431009
441000
441001
441002
441003
441004
441005
441006
441007
441008
441009
451000
451001
451002
451003
451004
451005
451006
451007
451008
451009
461000
461001
461002
461003
461004
461005
461006
461007
461008
461009
471000
471001
471002
471003
471004
471005
471006
471007
471008
471009
481000
481001
481002
481003
481004
481005
481006
481007
481008
481009
491000
491001
491002
491003
491004
491005
491006
491007
491008
491009
501000
501001
501002
501003
501004
501005
501006
501007
501008
501009
511000
511001
511002
511003
511004
511005
511006
511007
511008
511009
521000
521001
521002
521003
521004
521005
521006
521007
521008
521009
531000
531001
531002
531003
531004
531005
531006
531007
531008
531009
541000
541001
541002
541003
541004
541005
541006
541007
541008
541009
551000
551001
551002
551003
551004
551005
551006
551007
551008
551009
561000
561001
561002
561003
561004
561005
561006
561007
561008
561009
571000
571001
571002
571003
571004
571005
571006
571007
571008
571009
581000
581001
581002
581003
581004
581005
581006
581007
581008
581009
591000
591001
591002
591003
591004
591005
591006
591007
591008
591009
601000
601001
601002
601003
601004
601005
601006
601007
601008
601009
611000
611001
611002
611003
611004
611005
611006
611007
611008
611009
621000
621001
621002
621003
621004
621005
621006
621007
621008
621009
631000
631001
631002
631003
631004
631005
631006
631007
631008
631009
641000
641001
641002
641003
641004
641005
641006
641007
641008
641009
651000
651001
651002
651003
651004
651005
651006
651007
651008
651009
661000
661001
661002
661003
661004
661005
661006
661007
661008
661009
671000
671001
671002
671003
671004
671005
671006
671007
671008
671009
681000
681001
681002
681003
681004
681005
681006
681007
681008
681009
691000
691001
691002
691003
691004
691005
691006
691007
691008
691009
701000
701001
701002
701003
701004
701005
701006
701007
701008
701009
711000
711001
711002
711003
711004
711005
711006
711007
711008
711009
721000
721001
721002
721003
721004
721005
721006
721007
721008
721009
731000
731001
731002
731003
731004
731005
731006
731007
731008
731009
741000
741001
741002
741003
741004
741005
741006
741007
741008
741009
751000
751001
751002
751003
751004
751005
751006
751007
751008
751009
761000
761001
761002
761003
761004
761005
761006
761007
761008
761009
771000
771001
771002
771003
771004
771005
771006
771007
771008
771009
781000
781001
781002
781003
781004
781005
781006
781007
781008
781009
791000
791001
791002
791003
791004
791005
791006
791007
791008
791009
801000
801001
801002
801003
801004
801005
801006
801007
801008
801009
811000
811001
811002
811003
811004
811005
811006
811007
811008
811009
821000
821001
821002
821003
821004
821005
821006
821007
821008
821009
831000
831001
831002
831003
831004
831005
831006
831007
831008
831009
841000
841001
841002
841003
841004
841005
841006
841007
841008
841009
851000
851001
851002
851003
851004
851005
851006
851007
851008
851009
861000
861001
861002
861003
861004
861005
861006
861007
861008
861009
871000
871001
871002
871003
871004
871005
871006
871007
871008
871009
881000
881001
881002
881003
881004
881005
881006
881007
881008
881009
891000
891001
891002
891003
891004
891005
891006
891007
891008
891009
901000
901001
901002
901003
901004
901005
901006
901007
901008
901009
911000
911001
911002
911003
911004
911005
911006
911007
911008
911009
921000
921001
921002
921003
921004
921005
921006
921007
921008
921009
931000
931001
931002
931003
931004
931005
931006
931007
931008
931009
941000
941001
941002
941003
941004
941005
941006
941007
941008
941009
951000
951001
951002
951003
951004
951005
951006
951007
951008
951009
961000
961001
961002
961003
961004
961005
961006
961007
961008
961009
971000
971001
971002
971003
971004
971005
971006
971007
971008
971009
981000
981001
981002
981003
981004
981005
981006
981007
981008
981009
991000
991001
991002
991003
991004
991005
991006
991007
991008
991009
1000000
